1.704314351081848145e-02
7.849094271659851074e-02
1.606022939085960388e-02
2.754260413348674774e-02
3.210615366697311401e-02
1.193587258458137512e-01
1.133199557662010193e-01
1.260564625263214111e-01
2.996130660176277161e-02
1.232858151197433472e-01
4.873259738087654114e-02
2.249397337436676025e-02
2.170555107295513153e-02
3.732450306415557861e-02
1.387438625097274780e-01
4.767799004912376404e-02
3.041103295981884003e-02
1.178701315075159073e-02
1.450852956622838974e-02
4.270128905773162842e-02
1.435495354235172272e-02
3.671315207611769438e-04
3.988607600331306458e-02
-6.414941822185937781e-08
5.722484737634658813e-02
1.509509980678558350e-02
8.424657583236694336e-02
6.510071456432342529e-02
6.057168915867805481e-02
1.659772172570228577e-02
5.219126492738723755e-02
1.214503049850463867e-01
6.804653909057378769e-03
5.811735615134239197e-02
7.690507918596267700e-02
6.102488189935684204e-02
7.993250340223312378e-02
9.728258103132247925e-02
2.174825221300125122e-02
1.800853572785854340e-02
1.947164855664595962e-05
1.218084469437599182e-01
2.580178342759609222e-02
4.965580999851226807e-02
8.019594848155975342e-02
-1.708699762821197510e-02
5.711981281638145447e-02
7.525923103094100952e-02
3.615663852542638779e-03
6.747900694608688354e-02
8.442008495330810547e-02
1.837579347193241119e-02
6.428318470716476440e-02
5.075299739837646484e-02
9.541445225477218628e-02
1.149030029773712158e-01
1.078872941434383392e-02
2.175224944949150085e-03
1.066489219665527344e-01
-3.438450448811636306e-06
2.120858430862426758e-02
7.933829911053180695e-03
3.897548094391822815e-02
6.300530582666397095e-02
1.448436081409454346e-01
7.933253794908523560e-02
1.451352983713150024e-02
4.743991792201995850e-02
6.161971390247344971e-02
7.477395236492156982e-02
2.134754508733749390e-02
9.174107760190963745e-02
5.998297128826379776e-03
6.330177932977676392e-02
7.232534140348434448e-02
4.039479792118072510e-02
4.350824747234582901e-03
9.841579198837280273e-02
6.577826291322708130e-02
5.944602191448211670e-02
2.473558671772480011e-02
7.669938355684280396e-02
8.610734343528747559e-02
7.383168488740921021e-02
6.296283751726150513e-02
7.708707451820373535e-02
8.020439743995666504e-02
4.451709985733032227e-02
3.270106390118598938e-02
5.930418521165847778e-02
5.998683720827102661e-02
6.283466517925262451e-02
2.500781603157520294e-02
-2.175437288087778143e-07
2.463735081255435944e-02
1.189124137163162231e-01
4.356611520051956177e-02
6.724820286035537720e-02
1.070141792297363281e-01
5.634433403611183167e-02
7.726205885410308838e-02
5.308742821216583252e-02
4.477548971772193909e-02
3.293009847402572632e-02
6.811092048883438110e-02
3.161386772990226746e-02
4.069887846708297729e-02
9.133181720972061157e-02
3.488743677735328674e-02
7.351456582546234131e-02
5.134632438421249390e-02
9.254404902458190918e-02
3.105321155771889607e-08
6.421343982219696045e-02
4.946405068039894104e-02
8.814269304275512695e-02
9.739336557686328888e-03
5.746069177985191345e-02
1.577242463827133179e-02
6.761804223060607910e-02
2.065117098391056061e-02
5.543164163827896118e-02
1.221833005547523499e-01
8.853816986083984375e-02
-2.077025617469585583e-12
5.698828399181365967e-02
-1.389248950545152184e-06
4.922328144311904907e-02
2.078219316899776459e-02
6.156328693032264709e-02
8.628580719232559204e-02
3.747756779193878174e-02
8.113816380500793457e-02
5.789635330438613892e-02
1.878895610570907593e-02
2.540252916514873505e-02
8.521141111850738525e-02
7.812559604644775391e-02
5.917709320783615112e-02
7.236796617507934570e-02
9.816198050975799561e-02
3.052567690610885620e-02
2.107175253331661224e-02
5.404556542634963989e-02
2.359293960034847260e-02
5.990564823150634766e-02
1.289237011224031448e-02
6.021047383546829224e-02
6.448329985141754150e-02
8.176574110984802246e-02
6.355228275060653687e-02
-4.246633977800229331e-08
4.697993770241737366e-02
4.333309829235076904e-02
8.393373340368270874e-02
2.653190493583679199e-02
7.763537764549255371e-02
2.186849527060985565e-02
5.114385858178138733e-02
6.930691748857498169e-02
6.228552758693695068e-02
1.611076062545180321e-03
8.781339973211288452e-02
6.198012456297874451e-02
5.902037769556045532e-02
5.489806458353996277e-02
4.388668388128280640e-02
1.084331199526786804e-01
1.108479276299476624e-01
1.536562852561473846e-02
1.110877096652984619e-01
4.339952394366264343e-02
5.970102548599243164e-02
1.470560878515243530e-01
3.093036450445652008e-02
6.788179278373718262e-02
1.205522269010543823e-01
5.813599005341529846e-02
7.419805228710174561e-02
9.414312988519668579e-02
-8.970742015890209586e-08
3.153476491570472717e-02
2.030096761882305145e-02
1.044992171227931976e-02
1.302376110106706619e-02
3.301472216844558716e-02
2.074022813758347183e-05
5.747445672750473022e-02
1.521093508927151561e-04
1.046040356159210205e-01
1.958164386451244354e-02
4.533402249217033386e-02
6.137577071785926819e-02
8.740899711847305298e-02
9.149041771888732910e-02
5.669062212109565735e-02
7.518270611763000488e-02
2.683445252478122711e-02
5.514679476618766785e-02
2.512794344511348754e-05
7.814874500036239624e-02
5.381074175238609314e-02
4.149129614233970642e-02
3.020864725112915039e-02
7.011537253856658936e-02
1.003336831927299500e-01
4.804561380296945572e-03
8.974588662385940552e-02
1.105477288365364075e-01
6.991745531558990479e-02
6.931837648153305054e-02
3.450011089444160461e-02
3.858218714594841003e-02
9.329862892627716064e-02
8.411255478858947754e-02
-9.778987930531002348e-08
1.143882796168327332e-01
1.314236968755722046e-01
1.179286558181047440e-02
2.934332750737667084e-02
5.159803852438926697e-02
1.106142550706863403e-01
1.144188642501831055e-02
3.403745591640472412e-02
7.113477587699890137e-02
7.195041328668594360e-02
1.351313889026641846e-01
5.411098152399063110e-02
5.535470321774482727e-03
3.584567084908485413e-02
9.092174470424652100e-02
7.764541357755661011e-02
3.015040047466754913e-02
7.845332473516464233e-02
-4.175550202489830554e-06
9.274604171514511108e-02
6.720188260078430176e-02
4.729003994725644588e-04
7.168717682361602783e-02
6.944960355758666992e-02
2.679147385060787201e-02
8.684164285659790039e-02
4.721381142735481262e-02
5.912725627422332764e-02
2.565758675336837769e-02
5.209855735301971436e-02
1.198924630880355835e-01
1.783652603626251221e-02
4.815068095922470093e-02
8.434126526117324829e-02
