1.276591271162033081e-01
1.431308686733245850e-01
1.323774904012680054e-01
1.182238385081291199e-01
2.049987912178039551e-01
1.524822115898132324e-01
9.520749002695083618e-02
4.658086970448493958e-02
6.516251713037490845e-02
1.989465206861495972e-01
9.990777075290679932e-02
8.448921889066696167e-02
4.931561648845672607e-02
3.885576501488685608e-02
1.392812281847000122e-01
8.501663058996200562e-02
9.128948301076889038e-02
8.189491927623748779e-02
1.085685938596725464e-01
1.104446500539779663e-01
1.567465960979461670e-01
9.402913600206375122e-02
6.775932759046554565e-02
1.639537960290908813e-01
1.532452553510665894e-01
7.100950181484222412e-02
2.183896303176879883e-01
3.967539221048355103e-02
7.638210803270339966e-02
9.870010614395141602e-02
7.861252129077911377e-02
9.014055132865905762e-02
1.466528624296188354e-01
1.028619483113288879e-01
9.415939450263977051e-02
1.260890811681747437e-01
3.009022399783134460e-02
1.765416562557220459e-01
9.476287662982940674e-02
1.151855587959289551e-01
8.989872783422470093e-02
5.542020872235298157e-02
1.207563802599906921e-01
9.908224642276763916e-02
4.451466724276542664e-02
6.810159236192703247e-02
1.092402786016464233e-01
1.399808526039123535e-01
3.994984552264213562e-02
7.285355031490325928e-02
1.744726449251174927e-01
6.291010230779647827e-02
3.906123712658882141e-02
1.331089716404676437e-02
4.326278716325759888e-02
1.020745784044265747e-01
1.686469018459320068e-01
5.927378684282302856e-02
4.938269406557083130e-02
1.670957058668136597e-01
1.465276628732681274e-01
3.982182592153549194e-02
1.118462607264518738e-01
-1.778916269540786743e-02
1.481199711561203003e-01
1.550439447164535522e-01
2.757559530436992645e-03
6.048184633255004883e-02
1.612887382507324219e-01
-4.345748946070671082e-02
5.797410383820533752e-02
1.603890359401702881e-01
1.744398027658462524e-01
1.780320554971694946e-01
1.144291236996650696e-01
1.544991284608840942e-01
6.286296993494033813e-02
1.054658964276313782e-01
7.416220009326934814e-02
1.379200369119644165e-01
1.920567899942398071e-01
4.558697342872619629e-02
1.087126657366752625e-01
9.213804453611373901e-02
1.294482648372650146e-01
1.374583244323730469e-01
6.401757150888442993e-02
1.760952025651931763e-01
9.876052290201187134e-02
1.012793108820915222e-01
1.342805325984954834e-01
1.426973789930343628e-01
1.391075104475021362e-01
1.221280395984649658e-01
4.746052250266075134e-02
1.404899060726165771e-01
1.283491402864456177e-01
7.049034535884857178e-02
8.197738975286483765e-02
-1.525521557778120041e-02
1.533590555191040039e-01
8.813118934631347656e-02
-3.538616467267274857e-03
1.064290106296539307e-01
1.375858485698699951e-01
1.513527184724807739e-01
6.991376727819442749e-02
1.061241328716278076e-01
1.028754934668540955e-01
7.171670347452163696e-02
1.394198536872863770e-01
1.350876688957214355e-01
1.328664869070053101e-01
1.385403126478195190e-01
-3.917450830340385437e-02
9.431944787502288818e-02
2.513027749955654144e-02
4.538946598768234253e-02
7.279482483863830566e-02
2.304022461175918579e-01
1.924163997173309326e-01
2.459336444735527039e-02
4.954050108790397644e-02
-4.407690092921257019e-02
1.917477101087570190e-01
6.348710507154464722e-02
9.518892318010330200e-02
9.395432472229003906e-02
6.171273067593574524e-02
8.451417833566665649e-02
9.205917268991470337e-02
1.865084469318389893e-01
8.517673611640930176e-02
1.549484580755233765e-01
5.907587334513664246e-02
1.485356241464614868e-01
1.826973557472229004e-01
4.421512037515640259e-02
1.149334460496902466e-01
9.551637619733810425e-02
1.160664930939674377e-01
1.593996733427047729e-01
1.481201592832803726e-02
8.190733194351196289e-02
1.819704473018646240e-01
-9.057558327913284302e-02
5.257074721157550812e-03
1.546932458877563477e-01
8.519284427165985107e-02
3.181074932217597961e-02
9.508089721202850342e-02
9.712482243776321411e-02
7.753477245569229126e-02
8.751402050256729126e-02
2.187986075878143311e-01
9.485325962305068970e-02
1.958099454641342163e-01
6.808045506477355957e-02
1.611195504665374756e-01
1.241728290915489197e-01
8.876139670610427856e-02
1.032905429601669312e-01
6.324356049299240112e-02
1.563560366630554199e-01
1.083749160170555115e-01
7.567615807056427002e-02
8.044783025979995728e-02
5.932379141449928284e-02
1.513985246419906616e-01
-2.044835593551397324e-03
4.532513767480850220e-02
1.347133517265319824e-01
4.636167734861373901e-02
9.605252742767333984e-02
1.153157502412796021e-01
1.561519205570220947e-01
1.824546605348587036e-01
1.727187484502792358e-01
9.755257517099380493e-02
4.333628341555595398e-03
4.297851771116256714e-02
1.428282260894775391e-01
1.890219599008560181e-01
5.309164151549339294e-02
7.339622080326080322e-02
7.667484879493713379e-02
1.433787494897842407e-01
2.913613803684711456e-02
7.211922109127044678e-02
9.441975504159927368e-02
1.022640988230705261e-01
1.336901783943176270e-01
1.363006979227066040e-01
1.326877772808074951e-01
1.351349651813507080e-01
1.478992402553558350e-01
3.334312513470649719e-02
1.210735663771629333e-01
1.559544503688812256e-01
1.656715124845504761e-01
3.431864827871322632e-02
1.529543846845626831e-01
8.805838227272033691e-02
1.098175793886184692e-01
2.165680937469005585e-02
-1.586013287305831909e-02
2.001497298479080200e-01
7.007997483015060425e-02
7.492299377918243408e-02
6.520891189575195312e-02
7.363312691450119019e-02
-8.237815648317337036e-02
2.786993049085140228e-02
4.131755232810974121e-02
1.637437790632247925e-01
3.357453271746635437e-02
1.016410961747169495e-01
8.640299737453460693e-02
4.131497815251350403e-02
7.002109289169311523e-02
3.313742950558662415e-02
4.650171101093292236e-02
4.094228893518447876e-02
2.262089168652892113e-03
9.490331262350082397e-02
1.081117540597915649e-01
9.754352271556854248e-02
7.212014496326446533e-02
7.642199844121932983e-02
7.913964986801147461e-02
2.865196019411087036e-02
6.739890575408935547e-02
9.136005491018295288e-02
1.309806704521179199e-01
1.198567897081375122e-01
2.099660485982894897e-01
1.866938322782516479e-01
1.268582195043563843e-01
3.339019790291786194e-02
1.823005676269531250e-01
1.085068359971046448e-01
5.295260623097419739e-02
3.759610652923583984e-02
1.220551654696464539e-01
5.221100151538848877e-02
2.572491578757762909e-02
1.402873694896697998e-01
8.052349835634231567e-02
7.600335776805877686e-02
1.600666493177413940e-01
1.299008280038833618e-01
1.490314006805419922e-01
7.645830512046813965e-02
1.680986285209655762e-01
6.292571127414703369e-02
1.998714208602905273e-01
3.959470614790916443e-02
9.262362122535705566e-02
7.543404400348663330e-02
1.285620331764221191e-01
6.881706416606903076e-02
8.228838443756103516e-02
4.151654243469238281e-02
1.202953383326530457e-01
6.468959897756576538e-02
1.029383465647697449e-01
1.048415452241897583e-01
1.267195791006088257e-01
7.745590806007385254e-02
1.621083021163940430e-01
1.608839929103851318e-01
1.125027164816856384e-01
8.729988336563110352e-02
4.799756780266761780e-02
1.264762282371520996e-01
2.193745784461498260e-02
7.445918023586273193e-02
5.747678875923156738e-02
1.050892844796180725e-01
2.123219370841979980e-01
1.260625272989273071e-01
1.145147234201431274e-01
1.903128474950790405e-01
6.863787770271301270e-02
5.046439170837402344e-02
5.725273117423057556e-02
4.613665491342544556e-02
1.539393067359924316e-01
1.718876883387565613e-02
3.212316334247589111e-02
1.030645668506622314e-01
3.856273368000984192e-02
1.053407490253448486e-01
1.148896664381027222e-01
4.658554494380950928e-02
9.709561616182327271e-02
1.394571214914321899e-01
5.962770804762840271e-02
9.650850296020507812e-02
1.538033713586628437e-03
